function a = range1(inp)
    ranges = [400 900; 1100 1700; 1800 3000;
end
